public/assets/data/era5_wind.json
{"header": {"discipline":0,"disciplineName":"Meteorological products","gribEdition":2,"gribLength":16465,"center":98,"centerName":"European Centre for Medium-Range Weather Forecasts","significanceOfRT":1,"refTime":"2025-01-01T00:00:00Z","productStatus":0,"productType":1,"productDefinitionTemplate":0,"parameterCategory":2,"parameterNumber":2,"parameterNumberName":"U-component_of_wind","parameterUnit":"m. s-1","genProcessType":2,"forecastTime":0,"surface1Type":103,"surface1Value":10.0,"surface2Type":255,"surface2Value":0.0,"gridDefinitionTemplate":0,"numberPoints":16465,"shape":6,"gridUnits":"degrees","resolution":48,"winds":"true","scanMode":0,"nx":185,"ny":89,"basicAngle":0,"subDivisions":0,"lo1":95.0,"la1":11.0,"lo2":141.0,"la2":-11.0,"dx":0.25,"dy":0.25}, "data":
[rows 38 to 56 of 89, columns 86 to 128 of 185]
0.5418243408203125,0.2312774658203125,1.3855743408203125,1.7547149658203125,2.1990509033203125,2.6502227783203125,2.6922149658203125,2.9344024658203125,3.2371368408203125,3.3152618408203125,3.5125274658203125,3.6580352783203125,3.9314727783203125,4.0242462158203125,4.4910430908203125,4.6306915283203125,4.6492462158203125,4.0886993408203125,3.0476837158203125,1.6726837158203125,1.6443634033203125,1.5838165283203125,0.8172149658203125,0.2283477783203125,0.3484649658203125,1.0232696533203125,2.0945587158203125,3.0633087158203125,3.0603790283203125,2.8709259033203125,2.5691680908203125,2.3865509033203125,2.1697540283203125,1.7840118408203125,1.0799102783203125,1.6502227783203125,3.3162384033203125,4.6560821533203125,5.3553009033203125,5.3904571533203125,5.3094024658203125,5.2439727783203125,4.9558868408203125
0.4334259033203125,0.6463165283203125,1.9158477783203125,2.1404571533203125,2.2928009033203125,2.2664337158203125,2.0965118408203125,2.0261993408203125,2.2215118408203125,2.8074493408203125,3.8328399658203125,4.2625274658203125,4.0994415283203125,4.2088165283203125,4.6306915283203125,4.4158477783203125,3.4158477783203125,2.3562774658203125,1.4705352783203125,0.3211212158203125,0.5906524658203125,0.5261993408203125,-0.0040740966796875,-0.1114959716796875,0.1590118408203125,0.8592071533203125,1.8699493408203125,2.4129180908203125,1.9334259033203125,1.4383087158203125,1.2439727783203125,1.3054962158203125,1.1599884033203125,1.0388946533203125,1.7088165283203125,3.1648712158203125,4.8660430908203125,5.7049102783203125,5.6414337158203125,5.3582305908203125,5.0105743408203125,4.8455352783203125,4.4148712158203125
1.2146759033203125,1.4910430908203125,2.3162384033203125,2.6336212158203125,2.6697540283203125,2.5535430908203125,2.2371368408203125,2.0457305908203125,2.3875274658203125,3.5076446533203125,5.0535430908203125,5.2888946533203125,4.6443634033203125,4.4099884033203125,4.1785430908203125,3.3357696533203125,1.9480743408203125,1.1355743408203125,1.1375274658203125,0.2176055908203125,-0.0411834716796875,0.5105743408203125,0.3621368408203125,0.2449493408203125,0.5164337158203125,1.0984649658203125,1.6228790283203125,1.3924102783203125,0.4441680908203125,0.2820587158203125,0.5965118408203125,0.8025665283203125,0.7771759033203125,1.6336212158203125,3.5349884033203125,5.2537384033203125,5.9304962158203125,5.8386993408203125,5.1375274658203125,4.8640899658203125,4.4754180908203125,4.4119415283203125,4.1433868408203125
2.0554962158203125,2.3924102783203125,2.8924102783203125,2.9246368408203125,2.9353790283203125,3.5906524658203125,4.3357696533203125,4.4978790283203125,4.9724884033203125,5.9431915283203125,6.3699493408203125,6.0486602783203125,5.3230743408203125,4.0320587158203125,2.9051055908203125,1.6013946533203125,0.4451446533203125,0.3738555908203125,1.0232696533203125,0.6062774658203125,-0.4718475341796875,0.5183868408203125,0.9148712158203125,0.7185821533203125,0.4920196533203125,0.6023712158203125,0.5603790283203125,0.4558868408203125,0.4109649658203125,0.4021759033203125,0.2000274658203125,0.8816680908203125,1.6433868408203125,3.3845977783203125,5.1912384033203125,5.9773712158203125,5.9109649658203125,5.2039337158203125,4.4412384033203125,4.2283477783203125,4.0808868408203125,4.0613555908203125,3.9607696533203125
2.7957305908203125,3.0457305908203125,3.1990509033203125,2.8074493408203125,2.8826446533203125,4.1560821533203125,4.8943634033203125,5.2381134033203125,5.7097930908203125,6.1463165283203125,6.3328399658203125,6.1062774658203125,5.9304962158203125,4.7537384033203125,2.5711212158203125,1.2664337158203125,0.6658477783203125,0.7478790283203125,1.2166290283203125,1.1717071533203125,-0.0001678466796875,0.2195587158203125,0.5408477783203125,0.6756134033203125,0.4031524658203125,-0.0773162841796875,-0.2384490966796875,0.0467071533203125,0.4519805908203125,0.8094024658203125,0.9646759033203125,2.3611602783203125,4.3279571533203125,5.6912384033203125,5.9451446533203125,6.1795196533203125,5.2019805908203125,4.3875274658203125,3.7937774658203125,3.7244415283203125,3.8308868408203125,4.0193634033203125,3.9344024658203125
3.3601837158203125,3.4236602783203125,3.4373321533203125,2.9939727783203125,3.7937774658203125,4.8181915283203125,4.8035430908203125,5.0916290283203125,5.4763946533203125,5.9002227783203125,6.2537384033203125,6.3308868408203125,6.4461212158203125,5.2000274658203125,3.1394805908203125,2.3084259033203125,1.7849884033203125,1.4646759033203125,1.4597930908203125,0.8689727783203125,-0.0616912841796875,-0.0109100341796875,0.2547149658203125,0.4490509033203125,0.0994415283203125,-0.4366912841796875,-1.2384490966796875,-1.0821990966796875,0.0779571533203125,1.3299102783203125,2.3455352783203125,3.9676055908203125,5.5554962158203125,5.7830352783203125,5.9734649658203125,5.3582305908203125,4.4246368408203125,3.7019805908203125,3.3601837158203125,3.5564727783203125,3.8015899658203125,3.9519805908203125,4.0076446533203125
3.6365509033203125,3.7029571533203125,3.6853790283203125,3.1726837158203125,4.2820587158203125,4.9539337158203125,4.9558868408203125,4.9705352783203125,5.3543243408203125,5.8181915283203125,6.2263946533203125,6.6316680908203125,6.6277618408203125,5.0525665283203125,3.9070587158203125,3.1140899658203125,3.2176055908203125,2.8689727783203125,1.8582305908203125,0.9861602783203125,0.4724884033203125,0.7146759033203125,0.8709259033203125,0.3318634033203125,-0.0372772216796875,-0.7169647216796875,-1.4669647216796875,-1.2159881591796875,-0.0997772216796875,1.6619415283203125,3.1804962158203125,4.4812774658203125,5.1043243408203125,5.3494415283203125,5.2029571533203125,4.5857696533203125,3.8025665283203125,3.2058868408203125,3.2039337158203125,3.6033477783203125,3.7791290283203125,3.8885040283203125,3.9383087158203125
3.7556915283203125,3.7928009033203125,3.7537384033203125,3.1844024658203125,4.4090118408203125,4.9861602783203125,5.1638946533203125,5.1775665283203125,5.2586212158203125,5.7049102783203125,6.1599884033203125,6.7918243408203125,6.6277618408203125,4.3777618408203125,3.5535430908203125,3.2176055908203125,3.3201446533203125,3.2595977783203125,2.3064727783203125,1.7713165283203125,1.5769805908203125,1.7508087158203125,1.2185821533203125,0.4099884033203125,-0.2628631591796875,-0.9425506591796875,-0.6271209716796875,-0.2941131591796875,0.3640899658203125,1.9851837158203125,3.2771759033203125,4.0642852783203125,4.6580352783203125,4.9236602783203125,4.7771759033203125,3.9998321533203125,3.2088165283203125,3.0301055908203125,3.2586212158203125,3.6707305908203125,3.7117462158203125,3.8094024658203125,3.4685821533203125
3.5564727783203125,3.5056915283203125,3.3904571533203125,3.1092071533203125,4.2859649658203125,5.2508087158203125,5.4822540283203125,5.2508087158203125,5.2381134033203125,5.3806915283203125,5.8094024658203125,6.7635040283203125,6.5672149658203125,4.1648712158203125,2.5701446533203125,2.0535430908203125,1.9080352783203125,1.9324493408203125,1.9636993408203125,1.7820587158203125,1.8084259033203125,1.4676055908203125,0.6004180908203125,-0.1339569091796875,-0.5948944091796875,-0.3380584716796875,0.1785430908203125,0.6560821533203125,1.1511993408203125,2.5711212158203125,3.3709259033203125,4.0847930908203125,4.6248321533203125,4.8435821533203125,4.2371368408203125,3.4099884033203125,2.9197540283203125,2.9246368408203125,3.4275665283203125,3.8113555908203125,3.7840118408203125,3.2605743408203125,2.8562774658203125
3.1023712158203125,2.8816680908203125,2.8592071533203125,3.2312774658203125,4.7410430908203125,5.8650665283203125,5.9373321533203125,5.6238555908203125,5.1355743408203125,5.0398712158203125,5.4129180908203125,6.4119415283203125,5.9119415283203125,3.6590118408203125,1.4607696533203125,0.0672149658203125,-0.0753631591796875,0.5037384033203125,0.6560821533203125,0.8230743408203125,0.6863555908203125,0.1502227783203125,0.1345977783203125,-0.1749725341796875,-0.2286834716796875,-0.0753631591796875,0.4344024658203125,1.1961212158203125,2.0789337158203125,3.1941680908203125,3.6629180908203125,4.0994415283203125,4.5554962158203125,4.4041290283203125,3.6756134033203125,2.8103790283203125,2.4558868408203125,3.0320587158203125,3.6941680908203125,4.0047149658203125,3.6717071533203125,2.9978790283203125,2.5222930908203125
2.7605743408203125,2.6756134033203125,3.5115509033203125,5.2595977783203125,6.3103790283203125,6.7097930908203125,6.3582305908203125,5.5896759033203125,5.0174102783203125,4.9451446533203125,5.4422149658203125,5.4451446533203125,3.5613555908203125,2.0418243408203125,0.9217071533203125,-0.1847381591796875,-0.8741912841796875,-0.7335662841796875,-0.0529022216796875,0.6824493408203125,0.0896759033203125,-0.5763397216796875,0.0584259033203125,0.4988555908203125,0.4744415283203125,0.5330352783203125,1.0525665283203125,2.0838165283203125,3.1795196533203125,3.4060821533203125,3.4812774658203125,3.9226837158203125,4.3094024658203125,3.9304962158203125,2.8064727783203125,1.9217071533203125,2.2761993408203125,3.3064727783203125,4.0926055908203125,4.0896759033203125,3.5720977783203125,2.8562774658203125,2.1980743408203125
2.4607696533203125,3.4324493408203125,5.5398712158203125,6.9324493408203125,7.0760040283203125,6.9959259033203125,6.2742462158203125,5.4861602783203125,5.1502227783203125,5.0554962158203125,5.2185821533203125,4.6765899658203125,2.7224884033203125,1.6560821533203125,1.2859649658203125,0.3758087158203125,-0.9200897216796875,-1.3517303466796875,-0.3927459716796875,0.4900665283203125,0.3201446533203125,-0.6046600341796875,-0.3712615966796875,0.2615509033203125,1.1179962158203125,1.8123321533203125,1.9627227783203125,1.9431915283203125,2.6980743408203125,3.1228790283203125,2.9129180908203125,3.5183868408203125,3.8553009033203125,2.9783477783203125,1.8826446533203125,1.7576446533203125,2.6775665283203125,3.6570587158203125,4.3260040283203125,4.1609649658203125,3.4383087158203125,2.6131134033203125,1.7566680908203125
2.4422149658203125,4.5642852783203125,6.5633087158203125,7.0310821533203125,6.8719024658203125,6.6336212158203125,5.9138946533203125,5.3445587158203125,5.2801055908203125,5.1345977783203125,5.1804962158203125,4.5105743408203125,2.4402618408203125,1.3738555908203125,1.1765899658203125,0.7420196533203125,-0.2706756591796875,-0.7179412841796875,-0.1534881591796875,-0.1417694091796875,0.1375274658203125,-0.1779022216796875,0.3113555908203125,0.8435821533203125,1.6287384033203125,2.3787384033203125,2.6941680908203125,2.6931915283203125,2.9168243408203125,2.8719024658203125,2.4636993408203125,3.1746368408203125,3.1336212158203125,1.6385040283203125,0.7508087158203125,1.6277618408203125,2.8455352783203125,4.0125274658203125,4.5750274658203125,4.1941680908203125,3.4031524658203125,2.4207305908203125,1.0681915283203125
3.1756134033203125,5.3357696533203125,6.5926055908203125,7.0301055908203125,6.8963165283203125,6.1219024658203125,5.4929962158203125,5.2429962158203125,5.1873321533203125,5.2254180908203125,5.2771759033203125,3.9002227783203125,1.8992462158203125,1.1336212158203125,1.0799102783203125,0.6648712158203125,-0.1378631591796875,-0.5919647216796875,-0.3917694091796875,-0.2286834716796875,0.4178009033203125,1.0183868408203125,1.4119415283203125,1.1013946533203125,1.5720977783203125,1.9431915283203125,2.2840118408203125,2.6883087158203125,2.8299102783203125,2.6062774658203125,1.9480743408203125,1.9275665283203125,1.4803009033203125,0.6150665283203125,1.0691680908203125,2.0457305908203125,2.8972930908203125,4.1502227783203125,4.8787384033203125,4.3631134033203125,3.4998321533203125,2.3748321533203125,1.0135040283203125
2.6678009033203125,4.9617462158203125,6.1892852783203125,6.8513946533203125,6.7185821533203125,5.7595977783203125,4.8328399658203125,4.5808868408203125,4.9353790283203125,5.2615509033203125,4.9178009033203125,2.7263946533203125,1.1648712158203125,1.2381134033203125,1.0730743408203125,0.6902618408203125,-0.0782928466796875,-0.4269256591796875,-0.2228240966796875,0.3347930908203125,0.7801055908203125,1.5535430908203125,1.6678009033203125,1.3553009033203125,1.4812774658203125,1.8504180908203125,2.0095977783203125,2.2918243408203125,2.3494415283203125,2.3494415283203125,1.7390899658203125,1.0301055908203125,0.8865509033203125,2.1443634033203125,2.7117462158203125,3.1717071533203125,3.7517852783203125,4.4334259033203125,5.0515899658203125,4.5574493408203125,3.3338165283203125,2.1873321533203125,1.3543243408203125
1.9568634033203125,4.4461212158203125,5.9402618408203125,6.5574493408203125,6.2898712158203125,5.0008087158203125,4.0857696533203125,3.9226837158203125,4.2791290283203125,4.9461212158203125,4.4969024658203125,1.7322540283203125,0.7273712158203125,0.9480743408203125,0.4510040283203125,0.1082305908203125,0.2224884033203125,-0.0724334716796875,0.2625274658203125,0.9275665283203125,1.2371368408203125,1.4832305908203125,1.4490509033203125,1.5720977783203125,1.6775665283203125,1.7732696533203125,1.9158477783203125,1.9549102783203125,1.9451446533203125,2.0574493408203125,1.8367462158203125,1.2791290283203125,1.4558868408203125,2.6316680908203125,2.9900665283203125,3.4041290283203125,3.6853790283203125,4.2156524658203125,4.8982696533203125,4.4646759033203125,3.1082305908203125,1.7664337158203125,0.9461212158203125
2.2283477783203125,4.5174102783203125,5.9060821533203125,6.2820587158203125,5.6385040283203125,4.3992462158203125,3.8416290283203125,3.6785430908203125,3.4441680908203125,4.0428009033203125,3.3328399658203125,0.8963165283203125,0.3904571533203125,0.6023712158203125,-0.0196990966796875,-0.3107147216796875,-0.1964569091796875,0.3582305908203125,0.7185821533203125,1.3963165283203125,1.7781524658203125,1.5144805908203125,1.1590118408203125,1.4949493408203125,1.8279571533203125,1.9236602783203125,1.8152618408203125,1.8406524658203125,1.7635040283203125,1.7498321533203125,1.7703399658203125,1.7928009033203125,1.9070587158203125,2.0496368408203125,2.4080352783203125,2.5633087158203125,2.9353790283203125,3.6160430908203125,4.4988555908203125,3.9519805908203125,2.5740509033203125,1.2801055908203125,0.7918243408203125
3.4295196533203125,5.2928009033203125,6.0047149658203125,5.9959259033203125,5.2722930908203125,4.5701446533203125,4.0301055908203125,3.3572540283203125,3.0476837158203125,2.4090118408203125,1.4236602783203125,0.2117462158203125,0.3963165283203125,0.4314727783203125,-0.2570037841796875,-0.5450897216796875,-0.2218475341796875,0.4412384033203125,1.0125274658203125,1.5681915283203125,1.7322540283203125,1.5222930908203125,1.1492462158203125,1.5857696533203125,1.8699493408203125,1.9783477783203125,1.8474884033203125,1.7547149658203125,1.7263946533203125,1.5047149658203125,1.5144805908203125,1.6531524658203125,1.7312774658203125,1.7869415283203125,1.7683868408203125,1.8885040283203125,2.1482696533203125,2.8845977783203125,3.8904571533203125,2.9080352783203125,1.6404571533203125,1.1912384033203125,0.6873321533203125
4.7752227783203125,5.9920196533203125,6.2918243408203125,5.9129180908203125,5.2976837158203125,4.8357696533203125,4.2097930908203125,3.3426055908203125,2.2244415283203125,1.2849884033203125,0.4734649658203125,0.1873321533203125,0.4002227783203125,0.5135040283203125,-0.0685272216796875,-1.0236053466796875,-0.7560272216796875,0.5974884033203125,1.4627227783203125,1.0144805908203125,0.5603790283203125,0.9695587158203125,1.2605743408203125,1.4109649658203125,1.7713165283203125,1.9978790283203125,1.9910430908203125,1.8621368408203125,1.6902618408203125,1.3660430908203125,1.3679962158203125,1.5574493408203125,1.6062774658203125,1.4197540283203125,1.3797149658203125,1.3250274658203125,1.4285430908203125,1.8162384033203125,2.7605743408203125,1.5496368408203125,0.5125274658203125,0.4285430908203125,0.3338165283203125
