public/assets/data/era5_wind.json
{"header": {"discipline":0,"disciplineName":"Meteorological products","gribEdition":2,"gribLength":16465,"center":98,"centerName":"European Centre for Medium-Range Weather Forecasts","significanceOfRT":1,"refTime":"2025-01-01T00:00:00Z","productStatus":0,"productType":1,"productDefinitionTemplate":0,"parameterCategory":2,"parameterNumber":3,"parameterNumberName":"V-component_of_wind","parameterUnit":"m. s-1","genProcessType":2,"forecastTime":0,"surface1Type":103,"surface1Value":10.0,"surface2Type":255,"surface2Value":0.0,"gridDefinitionTemplate":0,"numberPoints":16465,"shape":6,"gridUnits":"degrees","resolution":48,"winds":"true","scanMode":0,"nx":185,"ny":89,"basicAngle":0,"subDivisions":0,"lo1":95.0,"la1":11.0,"lo2":141.0,"la2":-11.0,"dx":0.25,"dy":0.25}, "data":
[rows 19 to 37 of 89, columns 132 to 175 of 185]
9.694915771484375,10.018157958984375,10.104095458984375,10.189056396484375,10.270111083984375,10.238861083984375,10.250579833984375,10.256439208984375,10.266204833984375,10.237884521484375,10.112884521484375,9.810150146484375,9.559173583984375,9.203704833984375,8.895111083984375,8.637298583984375,8.422454833984375,8.213470458984375,8.091400146484375,7.912689208984375,7.801361083984375,7.566009521484375,7.314056396484375,7.053314208984375,6.778900146484375,6.425384521484375,5.925384521484375,5.501556396484375,4.939056396484375,4.459564208984375,3.948822021484375,3.354095458984375,2.796478271484375,2.385345458984375,2.187103271484375,2.144134521484375,2.039642333984375,1.959564208984375,1.604095458984375,1.301361083984375,1.058197021484375,0.910736083984375,0.857025146484375,0.832611083984375
9.297454833984375,9.636322021484375,9.632415771484375,9.858001708984375,9.887298583984375,9.877532958984375,9.935150146484375,9.994720458984375,9.983001708984375,9.931243896484375,9.739837646484375,9.527923583984375,9.278900146484375,8.882415771484375,8.591400146484375,8.310150146484375,8.048431396484375,7.889251708984375,7.774017333984375,7.686126708984375,7.585540771484375,7.353118896484375,7.151947021484375,6.937103271484375,6.668548583984375,6.256439208984375,5.701751708984375,5.069915771484375,4.434173583984375,3.982025146484375,3.509368896484375,2.940032958984375,2.341400146484375,1.927337646484375,1.738861083984375,1.649993896484375,1.649993896484375,1.676361083984375,1.469329833984375,1.294525146484375,1.062103271484375,0.981048583984375,0.926361083984375,0.839447021484375
9.064056396484375,9.212493896484375,9.430267333984375,9.523040771484375,9.493743896484375,9.529876708984375,9.560150146484375,9.564056396484375,9.566009521484375,9.452728271484375,9.339447021484375,9.132415771484375,8.851165771484375,8.566986083984375,8.262298583984375,7.964447021484375,7.740814208984375,7.615814208984375,7.457611083984375,7.426361083984375,7.258392333984375,7.137298583984375,6.973236083984375,6.742767333984375,6.441986083984375,5.994720458984375,5.371673583984375,4.696868896484375,4.132415771484375,3.712493896484375,3.231048583984375,2.599212646484375,1.980072021484375,1.599212646484375,1.443939208984375,1.373626708984375,1.426361083984375,1.430267333984375,1.467376708984375,1.373626708984375,1.226165771484375,1.129486083984375,1.069915771484375,1.009368896484375
8.929290771484375,9.064056396484375,9.099212646484375,9.076751708984375,9.133392333984375,9.138275146484375,9.096282958984375,9.093353271484375,9.080657958984375,8.896087646484375,8.841400146484375,8.673431396484375,8.485931396484375,8.228118896484375,7.926361083984375,7.681243896484375,7.490814208984375,7.307220458984375,7.194915771484375,7.109954833984375,6.897064208984375,6.783782958984375,6.594329833984375,6.425384521484375,6.155853271484375,5.703704833984375,5.176361083984375,4.593353271484375,4.090423583984375,3.691009521484375,3.161712646484375,2.496673583984375,1.909759521484375,1.565032958984375,1.413665771484375,1.343353271484375,1.363861083984375,1.373626708984375,1.499603271484375,1.499603271484375,1.518157958984375,1.465423583984375,1.380462646484375,1.265228271484375
8.748626708984375,8.865814208984375,8.829681396484375,8.874603271484375,8.860931396484375,8.788665771484375,8.749603271484375,8.701751708984375,8.583587646484375,8.522064208984375,8.394134521484375,8.210540771484375,7.993743896484375,7.730072021484375,7.538665771484375,7.350189208984375,7.224212646484375,7.123626708984375,7.003509521484375,6.787689208984375,6.603118896484375,6.410736083984375,6.231048583984375,6.064056396484375,5.807220458984375,5.479095458984375,5.071868896484375,4.611907958984375,4.185150146484375,3.809173583984375,3.216400146484375,2.508392333984375,1.888275146484375,1.528900146484375,1.383392333984375,1.342376708984375,1.315032958984375,1.362884521484375,1.507415771484375,1.611907958984375,1.655853271484375,1.659759521484375,1.611907958984375,1.499603271484375
8.580657958984375,8.656829833984375,8.663665771484375,8.649017333984375,8.603118896484375,8.558197021484375,8.510345458984375,8.425384521484375,8.253509521484375,8.172454833984375,7.869720458984375,7.700775146484375,7.472259521484375,7.361907958984375,7.202728271484375,7.104095458984375,6.988861083984375,6.915618896484375,6.726165771484375,6.565032958984375,6.383392333984375,6.140228271484375,5.956634521484375,5.777923583984375,5.584564208984375,5.301361083984375,4.952728271484375,4.537689208984375,4.119720458984375,3.712493896484375,3.217376708984375,2.689056396484375,2.107025146484375,1.696868896484375,1.489837646484375,1.323822021484375,1.304290771484375,1.413665771484375,1.539642333984375,1.681243896484375,1.772064208984375,1.779876708984375,1.720306396484375,1.583587646484375
8.443939208984375,8.449798583984375,8.479095458984375,8.448822021484375,8.431243896484375,8.356048583984375,8.297454833984375,8.128509521484375,7.956634521484375,7.672454833984375,7.361907958984375,7.191986083984375,6.980072021484375,6.908782958984375,6.907806396484375,6.819915771484375,6.816009521484375,6.720306396484375,6.554290771484375,6.416595458984375,6.205657958984375,5.995697021484375,5.790618896484375,5.564056396484375,5.369720458984375,5.114837646484375,4.748626708984375,4.352142333984375,3.875579833984375,3.505462646484375,3.210540771484375,2.757415771484375,2.433197021484375,2.020111083984375,1.490814208984375,1.235931396484375,1.212493896484375,1.407806396484375,1.575775146484375,1.692962646484375,1.752532958984375,1.733001708984375,1.671478271484375,1.500579833984375
8.265228271484375,8.218353271484375,8.243743896484375,8.224212646484375,8.196868896484375,8.121673583984375,7.958587646484375,7.787689208984375,7.475189208984375,7.155853271484375,6.935150146484375,6.766204833984375,6.623626708984375,6.653900146484375,6.653900146484375,6.658782958984375,6.654876708984375,6.554290771484375,6.440032958984375,6.257415771484375,6.091400146484375,5.899993896484375,5.680267333984375,5.456634521484375,5.252532958984375,4.993743896484375,4.556243896484375,4.105072021484375,3.592376708984375,3.364837646484375,3.152923583984375,3.023040771484375,2.696868896484375,2.180267333984375,1.644134521484375,1.127532958984375,1.084564208984375,1.334564208984375,1.543548583984375,1.654876708984375,1.639251708984375,1.611907958984375,1.417572021484375,1.243743896484375
8.012298583984375,7.957611083984375,7.959564208984375,7.947845458984375,7.893157958984375,7.740814208984375,7.577728271484375,7.306243896484375,6.964447021484375,6.740814208984375,6.572845458984375,6.467376708984375,6.467376708984375,6.484954833984375,6.461517333984375,6.467376708984375,6.462493896484375,6.360931396484375,6.313079833984375,6.126556396484375,6.022064208984375,5.812103271484375,5.596282958984375,5.455657958984375,5.251556396484375,4.919525146484375,4.480072021484375,3.929290771484375,3.480072021484375,3.345306396484375,3.230072021484375,3.139251708984375,2.774017333984375,2.257415771484375,1.515228271484375,0.951751708984375,0.938079833984375,1.209564208984375,1.411712646484375,1.506439208984375,1.483978271484375,1.327728271484375,1.133392333984375,0.954681396484375
7.704681396484375,7.658782958984375,7.643157958984375,7.623626708984375,7.475189208984375,7.318939208984375,7.063079833984375,6.768157958984375,6.575775146484375,6.404876708984375,6.294525146484375,6.327728271484375,6.319915771484375,6.268157958984375,6.258392333984375,6.233001708984375,6.216400146484375,6.191009521484375,6.133392333984375,6.059173583984375,5.957611083984375,5.721282958984375,5.639251708984375,5.494720458984375,5.268157958984375,4.931243896484375,4.461517333984375,3.899993896484375,3.634368896484375,3.499603271484375,3.366790771484375,3.035736083984375,2.645111083984375,2.018157958984375,1.268157958984375,0.726165771484375,0.752532958984375,1.041595458984375,1.214447021484375,1.267181396484375,1.186126708984375,1.019134521484375,0.833587646484375,0.643157958984375
7.320892333984375,7.324798583984375,7.336517333984375,7.185150146484375,7.009368896484375,6.754486083984375,6.483978271484375,6.326751708984375,6.201751708984375,6.145111083984375,6.168548583984375,6.203704833984375,6.154876708984375,6.140228271484375,6.104095458984375,6.058197021484375,6.046478271484375,6.044525146484375,5.965423583984375,5.969329833984375,5.837493896484375,5.770111083984375,5.689056396484375,5.518157958984375,5.292572021484375,4.940032958984375,4.420501708984375,4.087493896484375,3.941009521484375,3.766204833984375,3.404876708984375,2.914642333984375,2.273040771484375,1.627532958984375,1.054290771484375,0.634368896484375,0.658782958984375,0.837493896484375,0.979095458984375,0.936126708984375,0.814056396484375,0.689056396484375,0.545501708984375,0.520111083984375
7.027923583984375,7.118743896484375,6.966400146484375,6.676361083984375,6.340423583984375,6.100189208984375,6.003509521484375,5.964447021484375,5.952728271484375,5.962493896484375,6.019134521484375,5.964447021484375,5.996673583984375,5.946868896484375,5.883392333984375,5.883392333984375,5.916595458984375,5.920501708984375,5.902923583984375,5.912689208984375,5.790618896484375,5.731048583984375,5.582611083984375,5.449798583984375,5.202728271484375,4.800384521484375,4.455657958984375,4.347259521484375,4.257415771484375,3.897064208984375,3.284759521484375,2.588470458984375,1.907806396484375,1.275970458984375,0.753509521484375,0.490814208984375,0.509368896484375,0.585540771484375,0.534759521484375,0.456634521484375,0.411712646484375,0.355072021484375,0.390228271484375,0.488861083984375
6.908782958984375,6.868743896484375,6.604095458984375,6.081634521484375,5.594329833984375,5.444915771484375,5.522064208984375,5.623626708984375,5.750579833984375,5.798431396484375,5.821868896484375,5.811126708984375,5.816986083984375,5.761322021484375,5.773040771484375,5.819915771484375,5.828704833984375,5.832611083984375,5.849212646484375,5.757415771484375,5.701751708984375,5.602142333984375,5.426361083984375,5.224212646484375,4.893157958984375,4.545501708984375,4.443939208984375,4.427337646484375,4.291595458984375,3.743743896484375,3.016204833984375,2.252532958984375,1.596282958984375,1.127532958984375,0.773040771484375,0.488861083984375,0.345306396484375,0.348236083984375,0.299407958984375,0.208587646484375,0.233978271484375,0.303314208984375,0.441009521484375,0.560150146484375
6.783782958984375,6.806243896484375,6.033782958984375,5.021087646484375,4.782806396484375,5.101165771484375,5.316986083984375,5.435150146484375,5.534759521484375,5.568939208984375,5.622650146484375,5.631439208984375,5.614837646484375,5.650970458984375,5.697845458984375,5.727142333984375,5.769134521484375,5.820892333984375,5.799407958984375,5.732025146484375,5.609954833984375,5.362884521484375,5.123626708984375,4.789642333984375,4.498626708984375,4.377532958984375,4.331634521484375,4.252532958984375,3.950775146484375,3.149993896484375,2.448822021484375,1.849212646484375,1.436126708984375,1.003509521484375,0.594329833984375,0.296478271484375,0.250579833984375,0.231048583984375,0.309173583984375,0.338470458984375,0.382415771484375,0.512298583984375,0.632415771484375,0.690032958984375
6.718353271484375,6.569915771484375,4.674407958984375,4.089447021484375,4.687103271484375,4.968353271484375,5.101165771484375,5.195892333984375,5.311126708984375,5.442962646484375,5.535736083984375,5.584564208984375,5.606048583984375,5.654876708984375,5.693939208984375,5.744720458984375,5.806243896484375,5.771087646484375,5.723236083984375,5.659759521484375,5.450775146484375,5.189056396484375,4.859954833984375,4.524017333984375,4.266204833984375,4.139251708984375,3.934173583984375,3.752532958984375,3.168548583984375,2.462493896484375,1.899993896484375,1.606048583984375,1.278900146484375,1.093353271484375,0.764251708984375,0.743743896484375,0.738861083984375,0.730072021484375,0.740814208984375,0.725189208984375,0.784759521484375,0.890228271484375,0.894134521484375,0.909759521484375
6.187103271484375,5.583587646484375,3.839447021484375,4.196868896484375,4.705657958984375,4.797454833984375,4.913665771484375,5.053314208984375,5.166595458984375,5.437103271484375,5.521087646484375,5.584564208984375,5.632415771484375,5.679290771484375,5.716400146484375,5.762298583984375,5.724212646484375,5.680267333984375,5.639251708984375,5.487884521484375,5.274993896484375,4.937103271484375,4.582611083984375,4.232025146484375,3.964447021484375,3.570892333984375,3.293548583984375,2.868743896484375,2.194915771484375,1.707611083984375,1.526947021484375,1.335540771484375,1.360931396484375,1.204681396484375,1.416595458984375,1.493743896484375,1.451751708984375,1.513275146484375,1.536712646484375,1.544525146484375,1.551361083984375,1.428314208984375,1.416595458984375,1.276947021484375
5.113861083984375,4.463470458984375,3.614837646484375,4.142181396484375,4.310150146484375,4.424407958984375,4.777923583984375,4.936126708984375,5.275970458984375,5.573822021484375,5.627532958984375,5.682220458984375,5.710540771484375,5.739837646484375,5.773040771484375,5.741790771484375,5.704681396484375,5.571868896484375,5.477142333984375,5.222259521484375,4.982025146484375,4.607025146484375,4.204681396484375,3.842376708984375,3.212493896484375,2.797454833984375,2.195892333984375,1.740814208984375,1.377532958984375,1.215423583984375,1.171478271484375,1.422454833984375,1.461517333984375,1.646087646484375,1.856048583984375,1.951751708984375,1.949798583984375,2.198822021484375,2.389251708984375,2.477142333984375,2.498626708984375,2.373626708984375,2.059173583984375,1.901947021484375
3.977142333984375,3.917572021484375,3.240814208984375,3.193939208984375,3.268157958984375,4.232025146484375,4.585540771484375,5.171478271484375,5.582611083984375,5.756439208984375,5.784759521484375,5.818939208984375,5.814056396484375,5.843353271484375,5.803314208984375,5.772064208984375,5.642181396484375,5.486907958984375,5.207611083984375,4.899017333984375,4.557220458984375,4.053314208984375,3.646087646484375,2.945892333984375,2.316986083984375,1.666595458984375,1.016204833984375,0.771087646484375,0.787689208984375,0.916595458984375,1.216400146484375,1.513275146484375,1.793548583984375,1.978118896484375,2.020111083984375,2.057220458984375,2.158782958984375,2.485931396484375,2.822845458984375,3.074798583984375,3.112884521484375,3.114837646484375,2.800384521484375,2.353118896484375
3.270111083984375,3.832611083984375,2.365814208984375,1.857025146484375,2.883392333984375,4.066986083984375,4.936126708984375,5.559173583984375,5.847259521484375,5.894134521484375,5.948822021484375,5.943939208984375,5.942962646484375,5.910736083984375,5.859954833984375,5.801361083984375,5.661712646484375,5.302337646484375,4.963470458984375,4.515228271484375,3.961517333984375,3.393157958984375,2.570892333984375,1.812103271484375,1.072845458984375,0.428314208984375,0.172454833984375,0.029876708984375,0.452728271484375,1.013275146484375,1.431243896484375,1.747650146484375,2.044525146484375,2.156829833984375,2.200775146484375,2.211517333984375,2.286712646484375,2.478118896484375,2.760345458984375,2.996673583984375,3.101165771484375,3.129486083984375,3.037689208984375,2.595306396484375
