public/assets/data/era5_wind.json
{"header": {"discipline":0,"disciplineName":"Meteorological products","gribEdition":2,"gribLength":16465,"center":98,"centerName":"European Centre for Medium-Range Weather Forecasts","significanceOfRT":1,"refTime":"2025-01-01T00:00:00Z","productStatus":0,"productType":1,"productDefinitionTemplate":0,"parameterCategory":2,"parameterNumber":3,"parameterNumberName":"V-component_of_wind","parameterUnit":"m. s-1","genProcessType":2,"forecastTime":0,"surface1Type":103,"surface1Value":10.0,"surface2Type":255,"surface2Value":0.0,"gridDefinitionTemplate":0,"numberPoints":16465,"shape":6,"gridUnits":"degrees","resolution":48,"winds":"true","scanMode":0,"nx":185,"ny":89,"basicAngle":0,"subDivisions":0,"lo1":95.0,"la1":11.0,"lo2":141.0,"la2":-11.0,"dx":0.25,"dy":0.25}, "data":
[rows 57 to 75 of 89, columns 0 to 43 of 185]
-3.202545166015625,-4.501373291015625,-4.797271728515625,-4.623443603515625,-4.251373291015625,-3.881256103515625,-3.416412353515625,-2.921295166015625,-2.370513916015625,-2.070709228515625,-1.912506103515625,-1.807037353515625,-1.738677978515625,-1.727935791015625,-1.592193603515625,-1.200592041015625,-0.851959228515625,-0.937896728515625,-1.449615478515625,-2.303131103515625,-3.100982666015625,-3.688873291015625,-4.212310791015625,-4.781646728515625,-5.320709228515625,-5.707427978515625,-4.816802978515625,-2.897857666015625,-1.702545166015625,-0.857818603515625,-0.041412353515625,0.469329833984375,0.699798583984375,0.804290771484375,0.754486083984375,0.511322021484375,0.283782958984375,0.242767333984375,0.175384521484375,0.145111083984375,0.231048583984375,0.328704833984375,0.372650146484375,0.409759521484375
-1.910552978515625,-3.848052978515625,-4.716217041015625,-4.762115478515625,-4.330474853515625,-3.877349853515625,-3.575592041015625,-3.530670166015625,-3.169342041015625,-2.526763916015625,-1.988677978515625,-1.766998291015625,-1.770904541015625,-1.688873291015625,-1.247467041015625,-0.840240478515625,-0.871490478515625,-1.136138916015625,-1.449615478515625,-1.794342041015625,-2.242584228515625,-2.801177978515625,-3.581451416015625,-4.509185791015625,-5.127349853515625,-5.685943603515625,-5.958404541015625,-4.764068603515625,-3.324615478515625,-1.967193603515625,-0.735748291015625,0.193939208984375,0.858978271484375,1.053314208984375,0.805267333984375,0.708587646484375,0.452728271484375,0.302337646484375,0.240814208984375,0.242767333984375,0.270111083984375,0.262298583984375,0.296478271484375,0.403900146484375
-0.084381103515625,-1.991607666015625,-3.273834228515625,-3.641998291015625,-3.581451416015625,-3.262115478515625,-3.029693603515625,-2.968170166015625,-2.792388916015625,-2.496490478515625,-2.177154541015625,-1.935943603515625,-1.653717041015625,-1.004302978515625,-0.399810791015625,-0.367584228515625,-0.866607666015625,-1.320709228515625,-1.477935791015625,-1.604888916015625,-1.879302978515625,-2.415435791015625,-3.059967041015625,-3.818756103515625,-4.650787353515625,-5.327545166015625,-5.762115478515625,-6.006256103515625,-5.027740478515625,-3.303131103515625,-1.366607666015625,0.398040771484375,0.986907958984375,1.033782958984375,0.607025146484375,0.290618896484375,0.417572021484375,0.413665771484375,0.358001708984375,0.296478271484375,0.258392333984375,0.247650146484375,0.227142333984375,0.296478271484375
0.792572021484375,-0.406646728515625,-1.721099853515625,-2.514068603515625,-2.575592041015625,-2.567779541015625,-2.483795166015625,-2.470123291015625,-2.394927978515625,-2.209381103515625,-2.382232666015625,-2.322662353515625,-2.243560791015625,-1.712310791015625,-1.437896728515625,-1.357818603515625,-1.428131103515625,-1.702545166015625,-1.829498291015625,-1.723052978515625,-1.870513916015625,-2.094146728515625,-2.620513916015625,-2.846099853515625,-3.371490478515625,-4.113677978515625,-4.741607666015625,-5.255279541015625,-6.010162353515625,-4.781646728515625,-2.935943603515625,-1.064849853515625,0.085540771484375,0.491790771484375,0.704681396484375,0.087493896484375,0.172454833984375,0.389251708984375,0.339447021484375,0.206634521484375,0.149993896484375,0.133392333984375,0.127532958984375,0.144134521484375
0.974212646484375,0.002532958984375,-0.781646728515625,-1.562896728515625,-2.008209228515625,-2.090240478515625,-2.198638916015625,-2.213287353515625,-2.182037353515625,-2.093170166015625,-2.213287353515625,-2.494537353515625,-2.469146728515625,-2.603912353515625,-2.451568603515625,-2.353912353515625,-2.177154541015625,-2.143951416015625,-1.865631103515625,-1.713287353515625,-1.545318603515625,-1.730865478515625,-1.767974853515625,-1.942779541015625,-2.183990478515625,-2.820709228515625,-3.566802978515625,-4.264068603515625,-5.085357666015625,-5.917388916015625,-4.297271728515625,-2.788482666015625,-1.540435791015625,-0.494537353515625,0.188079833984375,-0.162506103515625,0.011322021484375,0.146087646484375,-0.037506103515625,-0.157623291015625,0.021087646484375,0.060150146484375,-0.080474853515625,-0.035552978515625
0.488861083984375,0.197845458984375,-0.550201416015625,-1.036529541015625,-1.482818603515625,-1.872467041015625,-2.033599853515625,-2.075592041015625,-2.069732666015625,-2.058990478515625,-2.141998291015625,-2.396881103515625,-2.487701416015625,-2.620513916015625,-2.728912353515625,-2.682037353515625,-2.387115478515625,-2.106842041015625,-1.748443603515625,-1.429107666015625,-1.273834228515625,-1.320709228515625,-1.356842041015625,-1.234771728515625,-1.401763916015625,-1.792388916015625,-2.441802978515625,-3.221099853515625,-4.096099853515625,-4.940826416015625,-5.605865478515625,-4.240631103515625,-3.200592041015625,-2.008209228515625,-0.475006103515625,0.393157958984375,0.478118896484375,0.118743896484375,-0.088287353515625,-0.334381103515625,-0.162506103515625,0.018157958984375,-0.126373291015625,-0.146881103515625
0.452728271484375,0.226165771484375,-0.190826416015625,-0.676177978515625,-1.166412353515625,-1.588287353515625,-1.725006103515625,-1.730865478515625,-1.686920166015625,-1.771881103515625,-1.851959228515625,-1.948638916015625,-2.039459228515625,-2.114654541015625,-2.223052978515625,-2.093170166015625,-1.812896728515625,-1.630279541015625,-1.506256103515625,-1.195709228515625,-1.117584228515625,-1.164459228515625,-1.233795166015625,-1.082427978515625,-1.002349853515625,-1.171295166015625,-1.528717041015625,-2.057037353515625,-2.892974853515625,-3.663482666015625,-4.327545166015625,-5.362701416015625,-4.608795166015625,-3.851959228515625,-2.001373291015625,-0.120513916015625,0.768157958984375,0.327728271484375,-0.065826416015625,-0.311920166015625,-0.197662353515625,-0.020904541015625,-0.115631103515625,-0.161529541015625
0.788665771484375,0.310150146484375,-0.119537353515625,-0.499420166015625,-0.979888916015625,-1.076568603515625,-1.140045166015625,-0.997467041015625,-0.877349853515625,-0.944732666015625,-1.030670166015625,-1.135162353515625,-1.218170166015625,-1.292388916015625,-1.347076416015625,-1.126373291015625,-1.002349853515625,-1.118560791015625,-1.174224853515625,-1.050201416015625,-0.951568603515625,-0.970123291015625,-1.061920166015625,-1.096099853515625,-0.938873291015625,-0.780670166015625,-0.672271728515625,-0.886138916015625,-1.154693603515625,-1.906646728515625,-2.884185791015625,-4.065826416015625,-5.503326416015625,-5.487701416015625,-4.683990478515625,-2.556060791015625,-0.938873291015625,0.269134521484375,-0.081451416015625,-0.154693603515625,-0.010162353515625,-0.156646728515625,-0.275787353515625,-0.187896728515625
0.799407958984375,0.218353271484375,-0.266998291015625,-0.583404541015625,-0.662506103515625,-0.548248291015625,-0.380279541015625,-0.141998291015625,-0.025787353515625,-0.022857666015625,-0.084381103515625,-0.204498291015625,-0.273834228515625,-0.337310791015625,-0.449615478515625,-0.504302978515625,-0.561920166015625,-0.691802978515625,-0.655670166015625,-0.573638916015625,-0.534576416015625,-0.532623291015625,-0.623443603515625,-0.733795166015625,-0.622467041015625,-0.223052978515625,0.119720458984375,0.427337646484375,0.374603271484375,0.087493896484375,-0.861724853515625,-2.178131103515625,-3.888092041015625,-5.800201416015625,-6.669342041015625,-5.463287353515625,-3.476959228515625,-1.280670166015625,-0.139068603515625,-0.235748291015625,-0.149810791015625,-0.250396728515625,-0.517974853515625,-0.330474853515625
1.235931396484375,0.804290771484375,0.406829833984375,0.149017333984375,0.025970458984375,-0.004302978515625,0.095306396484375,0.236907958984375,0.385345458984375,0.408782958984375,0.299407958984375,0.141204833984375,0.044525146484375,-0.009185791015625,-0.105865478515625,-0.141021728515625,0.022064208984375,0.083587646484375,0.093353271484375,0.259368896484375,0.297454833984375,0.212493896484375,0.049407958984375,-0.070709228515625,0.003509521484375,0.443939208984375,0.971282958984375,1.252532958984375,1.543548583984375,1.589447021484375,1.224212646484375,0.048431396484375,-1.758209228515625,-4.003326416015625,-5.979888916015625,-7.178131103515625,-6.222076416015625,-3.992584228515625,-1.819732666015625,-0.960357666015625,-0.999420166015625,-0.722076416015625,-0.748443603515625,-0.406646728515625
1.573822021484375,1.156829833984375,0.831634521484375,0.596282958984375,0.432220458984375,0.354095458984375,0.339447021484375,0.236907958984375,0.191009521484375,0.146087646484375,0.128509521484375,0.044525146484375,-0.100982666015625,-0.221099853515625,-0.258209228515625,-0.267974853515625,-0.157623291015625,0.137298583984375,0.360931396484375,0.753509521484375,1.114837646484375,1.143157958984375,0.832611083984375,0.566009521484375,0.635345458984375,0.886322021484375,1.462493896484375,1.779876708984375,2.051361083984375,2.286712646484375,2.439056396484375,2.108978271484375,1.008392333984375,-1.141021728515625,-3.797271728515625,-6.191802978515625,-7.872467041015625,-7.173248291015625,-4.806060791015625,-3.183990478515625,-2.806060791015625,-2.231842041015625,-1.307037353515625,-0.015045166015625
2.016204833984375,1.650970458984375,1.416595458984375,1.298431396484375,1.358978271484375,1.346282958984375,1.023040771484375,0.658782958984375,0.481048583984375,0.415618896484375,0.486907958984375,0.561126708984375,0.456634521484375,0.212493896484375,-0.037506103515625,-0.625396728515625,-1.070709228515625,-0.848052978515625,-0.261138916015625,0.183197021484375,0.510345458984375,0.600189208984375,0.551361083984375,0.437103271484375,0.721282958984375,1.057220458984375,1.501556396484375,1.973236083984375,2.411712646484375,2.878509521484375,3.223236083984375,3.583587646484375,3.152923583984375,2.133392333984375,-0.510162353515625,-3.412506103515625,-6.383209228515625,-7.516998291015625,-7.397857666015625,-6.238677978515625,-5.295318603515625,-4.210357666015625,-2.377349853515625,-0.287506103515625
1.750579833984375,1.679290771484375,1.579681396484375,1.859954833984375,2.036712646484375,2.074798583984375,1.770111083984375,1.449798583984375,1.366790771484375,1.316986083984375,1.271087646484375,1.328704833984375,1.357025146484375,1.185150146484375,0.736907958984375,0.058197021484375,-0.832427978515625,-1.206451416015625,-0.941802978515625,-0.802154541015625,-0.582427978515625,-0.354888916015625,-0.197662353515625,0.301361083984375,0.678314208984375,1.104095458984375,1.498626708984375,2.058197021484375,2.918548583984375,3.631439208984375,4.710540771484375,5.294525146484375,5.450775146484375,4.607025146484375,2.502532958984375,-0.754302978515625,-4.053131103515625,-6.860748291015625,-7.419342041015625,-7.491607666015625,-6.637115478515625,-5.440826416015625,-3.658599853515625,-1.047271728515625
1.447845458984375,1.446868896484375,1.629486083984375,1.902923583984375,2.185150146484375,2.267181396484375,2.386322021484375,2.233001708984375,2.122650146484375,2.021087646484375,1.965423583984375,1.862884521484375,1.857025146484375,1.570892333984375,1.122650146484375,0.743743896484375,0.049407958984375,-0.534576416015625,-1.063873291015625,-1.086334228515625,-1.197662353515625,-0.963287353515625,-0.348052978515625,0.232025146484375,0.755462646484375,1.136322021484375,1.511322021484375,2.172454833984375,3.132415771484375,4.579681396484375,5.743743896484375,7.059173583984375,7.364837646484375,6.456634521484375,4.498626708984375,1.508392333984375,-1.934967041015625,-4.853912353515625,-6.894927978515625,-7.086334228515625,-6.892974853515625,-5.831451416015625,-4.214263916015625,-1.714263916015625
1.434173583984375,1.460540771484375,1.634368896484375,1.772064208984375,2.044525146484375,2.367767333984375,2.630462646484375,2.666595458984375,2.511322021484375,2.365814208984375,2.303314208984375,2.213470458984375,2.176361083984375,1.901947021484375,1.705657958984375,1.461517333984375,1.112884521484375,0.603118896484375,-0.013092041015625,-0.436920166015625,-0.564849853515625,-0.608795166015625,-0.030670166015625,0.554290771484375,1.105072021484375,1.371673583984375,1.658782958984375,2.293548583984375,3.371673583984375,4.835540771484375,6.464447021484375,7.768157958984375,8.424407958984375,7.675384521484375,5.776947021484375,2.902923583984375,-0.408599853515625,-3.201568603515625,-5.252349853515625,-6.295318603515625,-6.132232666015625,-5.598052978515625,-4.299224853515625,-2.730865478515625
1.670501708984375,1.683197021484375,1.774017333984375,1.911712646484375,2.059173583984375,2.372650146484375,2.645111083984375,2.754486083984375,2.666595458984375,2.535736083984375,2.476165771484375,2.384368896484375,2.348236083984375,2.387298583984375,2.238861083984375,2.208587646484375,2.040618896484375,1.685150146484375,1.245697021484375,0.817962646484375,0.629486083984375,0.585540771484375,0.834564208984375,1.368743896484375,1.690032958984375,1.834564208984375,2.023040771484375,2.483978271484375,3.534759521484375,4.822845458984375,6.450775146484375,7.593353271484375,8.260345458984375,8.313079833984375,6.719329833984375,3.685150146484375,0.598236083984375,-2.115631103515625,-3.920318603515625,-4.962310791015625,-5.262115478515625,-4.770904541015625,-4.378326416015625,-3.684967041015625
1.949798583984375,1.943939208984375,2.040618896484375,2.080657958984375,2.222259521484375,2.378509521484375,2.559173583984375,2.733001708984375,2.858001708984375,2.780853271484375,2.713470458984375,2.601165771484375,2.433197021484375,2.501556396484375,2.482025146484375,2.512298583984375,2.505462646484375,2.343353271484375,1.986907958984375,1.776947021484375,1.602142333984375,1.739837646484375,2.005462646484375,2.258392333984375,2.391204833984375,2.409759521484375,2.473236083984375,2.843353271484375,3.483001708984375,4.708587646484375,5.653900146484375,6.765228271484375,7.584564208984375,7.982025146484375,7.325775146484375,4.312103271484375,1.260345458984375,-1.244537353515625,-3.022857666015625,-4.075592041015625,-4.422271728515625,-4.365631103515625,-4.130279541015625,-4.022857666015625
2.205657958984375,2.191009521484375,2.174407958984375,2.163665771484375,2.182220458984375,2.331634521484375,2.555267333984375,2.804290771484375,3.061126708984375,3.224212646484375,3.162689208984375,3.034759521484375,2.790618896484375,2.553314208984375,2.436126708984375,2.427337646484375,2.461517333984375,2.464447021484375,2.409759521484375,2.266204833984375,2.335540771484375,2.518157958984375,2.747650146484375,2.947845458984375,2.934173583984375,2.974212646484375,2.969329833984375,3.106048583984375,3.629486083984375,4.112884521484375,4.857025146484375,5.386322021484375,6.168548583984375,7.142181396484375,7.324798583984375,4.801361083984375,1.750579833984375,-0.742584228515625,-2.350982666015625,-3.377349853515625,-4.094146728515625,-4.274810791015625,-4.123443603515625,-3.973052978515625
2.526947021484375,2.498626708984375,2.458587646484375,2.424407958984375,2.422454833984375,2.524017333984375,2.732025146484375,2.976165771484375,3.195892333984375,3.432220458984375,3.528900146484375,3.524017333984375,3.441009521484375,3.190032958984375,2.904876708984375,2.802337646484375,2.679290771484375,2.689056396484375,2.809173583984375,2.904876708984375,3.054290771484375,3.243743896484375,3.421478271484375,3.509368896484375,3.458587646484375,3.411712646484375,3.468353271484375,3.559173583984375,3.620697021484375,3.773040771484375,3.860931396484375,4.097259521484375,4.566986083984375,5.484954833984375,6.538665771484375,5.430267333984375,2.310150146484375,-0.378326416015625,-2.023834228515625,-2.976959228515625,-3.692779541015625,-4.052154541015625,-4.020904541015625,-3.738677978515625
