public/assets/data/era5_wind.json
{"header": {"discipline":0,"disciplineName":"Meteorological products","gribEdition":2,"gribLength":16465,"center":98,"centerName":"European Centre for Medium-Range Weather Forecasts","significanceOfRT":1,"refTime":"2025-01-01T00:00:00Z","productStatus":0,"productType":1,"productDefinitionTemplate":0,"parameterCategory":2,"parameterNumber":2,"parameterNumberName":"U-component_of_wind","parameterUnit":"m. s-1","genProcessType":2,"forecastTime":0,"surface1Type":103,"surface1Value":10.0,"surface2Type":255,"surface2Value":0.0,"gridDefinitionTemplate":0,"numberPoints":16465,"shape":6,"gridUnits":"degrees","resolution":48,"winds":"true","scanMode":0,"nx":185,"ny":89,"basicAngle":0,"subDivisions":0,"lo1":95.0,"la1":11.0,"lo2":141.0,"la2":-11.0,"dx":0.25,"dy":0.25}, "data":
[rows 38 to 56 of 89, columns 0 to 42 of 185]
5.3865509033203125,4.6121368408203125,3.7527618408203125,3.2049102783203125,2.8162384033203125,2.1160430908203125,1.6219024658203125,1.7068634033203125,2.2215118408203125,2.2166290283203125,2.1951446533203125,2.2683868408203125,2.1424102783203125,1.8455352783203125,1.2078399658203125,0.0994415283203125,-0.1193084716796875,1.1033477783203125,1.3670196533203125,1.1199493408203125,1.0437774658203125,1.2459259033203125,1.2996368408203125,1.1658477783203125,1.2508087158203125,1.4480743408203125,1.3103790283203125,1.7469024658203125,2.5349884033203125,2.8347930908203125,2.9129180908203125,3.0301055908203125,2.4363555908203125,1.5877227783203125,1.1668243408203125,1.2918243408203125,1.3191680908203125,2.1140899658203125,2.8045196533203125,3.1472930908203125,3.2254180908203125,3.4295196533203125,3.2029571533203125
5.6404571533203125,4.7273712158203125,3.7293243408203125,3.1238555908203125,2.8855743408203125,2.6697540283203125,2.4295196533203125,2.1355743408203125,2.1785430908203125,1.5886993408203125,1.4070587158203125,1.7078399658203125,1.7000274658203125,1.3963165283203125,1.0760040283203125,0.3035430908203125,-0.0001678466796875,0.8230743408203125,1.3123321533203125,0.9920196533203125,0.6980743408203125,0.6941680908203125,0.7898712158203125,0.8924102783203125,1.2029571533203125,1.6717071533203125,1.6726837158203125,1.6209259033203125,1.5564727783203125,1.7019805908203125,2.2771759033203125,3.0105743408203125,3.0945587158203125,2.4178009033203125,2.4578399658203125,2.8025665283203125,2.5515899658203125,2.6306915283203125,3.1707305908203125,3.8123321533203125,4.0281524658203125,3.5779571533203125,3.0174102783203125
5.9090118408203125,4.9246368408203125,3.8758087158203125,3.2058868408203125,2.9842071533203125,2.9558868408203125,2.8904571533203125,2.5545196533203125,2.4031524658203125,1.8094024658203125,1.3738555908203125,1.0379180908203125,0.4793243408203125,0.0935821533203125,0.1316680908203125,0.0320587158203125,0.1492462158203125,0.4578399658203125,0.9666290283203125,0.7215118408203125,0.2390899658203125,0.1023712158203125,0.3523712158203125,0.6980743408203125,1.0340118408203125,1.3572540283203125,1.6482696533203125,1.6189727783203125,1.4949493408203125,1.5047149658203125,1.7049102783203125,1.9578399658203125,1.9871368408203125,2.2127227783203125,3.3084259033203125,4.1678009033203125,3.9539337158203125,3.0799102783203125,2.8299102783203125,3.5047149658203125,4.1541290283203125,3.7351837158203125,3.0506134033203125
6.1385040283203125,5.4392852783203125,4.6463165283203125,3.8640899658203125,3.2537384033203125,3.0838165283203125,2.9734649658203125,2.5916290283203125,2.5320587158203125,2.6746368408203125,2.4148712158203125,1.4920196533203125,0.5857696533203125,-0.0118865966796875,-0.1261444091796875,-0.2091522216796875,0.1580352783203125,0.1219024658203125,0.5584259033203125,0.6365509033203125,0.4090118408203125,0.2732696533203125,0.3523712158203125,0.4959259033203125,0.9011993408203125,1.1590118408203125,1.4773712158203125,1.4051055908203125,1.3992462158203125,1.5437774658203125,1.7068634033203125,1.6736602783203125,1.6082305908203125,2.2117462158203125,3.3318634033203125,4.5984649658203125,4.8758087158203125,4.1209259033203125,3.6922149658203125,4.0183868408203125,4.0408477783203125,3.5066680908203125,2.9685821533203125
6.6131134033203125,6.3347930908203125,5.6511993408203125,4.9256134033203125,4.2859649658203125,3.7029571533203125,3.3269805908203125,2.6883087158203125,2.5095977783203125,2.6121368408203125,3.0408477783203125,2.4168243408203125,1.7947540283203125,1.2136993408203125,0.5095977783203125,0.1599884033203125,0.5398712158203125,0.1258087158203125,0.1160430908203125,0.3347930908203125,0.2986602783203125,0.4129180908203125,0.4812774658203125,0.6219024658203125,1.0174102783203125,1.0828399658203125,1.1990509033203125,1.2410430908203125,1.2761993408203125,1.3836212158203125,1.4676055908203125,1.4265899658203125,1.1433868408203125,1.3719024658203125,2.5535430908203125,4.3220977783203125,4.7595977783203125,4.6717071533203125,4.2224884033203125,3.9285430908203125,3.7664337158203125,3.2713165283203125,2.6267852783203125
7.1013946533203125,6.8338165283203125,6.5193634033203125,5.8377227783203125,5.4422149658203125,4.9207305908203125,4.3816680908203125,3.5457305908203125,3.0398712158203125,2.6189727783203125,2.9344024658203125,2.9588165283203125,2.4060821533203125,2.3133087158203125,1.7771759033203125,1.2215118408203125,1.1433868408203125,0.3865509033203125,-0.3927459716796875,-0.2911834716796875,0.1287384033203125,0.3152618408203125,0.7820587158203125,0.9217071533203125,1.1551055908203125,1.1443634033203125,1.0603790283203125,1.1492462158203125,1.1687774658203125,1.1287384033203125,1.1844024658203125,0.9373321533203125,0.6717071533203125,0.5135040283203125,1.5369415283203125,3.1961212158203125,3.7996368408203125,3.8728790283203125,3.5720977783203125,3.2439727783203125,2.8543243408203125,2.4256134033203125,2.1912384033203125
7.3855743408203125,7.1394805908203125,6.8269805908203125,6.5847930908203125,6.2049102783203125,5.8553009033203125,5.4031524658203125,4.7058868408203125,4.0818634033203125,3.5515899658203125,3.0486602783203125,3.0506134033203125,2.8592071533203125,2.7713165283203125,2.3504180908203125,1.9080352783203125,1.4021759033203125,0.2283477783203125,-0.7238006591796875,-0.9884490966796875,-0.5353240966796875,0.6082305908203125,1.0974884033203125,1.1258087158203125,1.2566680908203125,1.2010040283203125,1.0291290283203125,1.1316680908203125,0.9861602783203125,0.9324493408203125,0.5730743408203125,0.3113555908203125,0.2136993408203125,0.1267852783203125,0.7303009033203125,1.9324493408203125,2.4832305908203125,2.5828399658203125,2.2810821533203125,1.6443634033203125,1.2469024658203125,1.6062774658203125,1.8611602783203125
7.6443634033203125,7.3738555908203125,6.8885040283203125,6.6463165283203125,6.5164337158203125,6.1824493408203125,5.9324493408203125,5.4939727783203125,5.0408477783203125,4.7127227783203125,4.0457305908203125,3.4900665283203125,3.2986602783203125,2.5095977783203125,1.9588165283203125,1.6150665283203125,1.2107696533203125,-0.0314178466796875,-1.1056365966796875,-1.3917694091796875,-0.7462615966796875,0.3972930908203125,1.1443634033203125,1.1658477783203125,1.2234649658203125,1.2127227783203125,1.0652618408203125,1.0808868408203125,0.8670196533203125,0.4451446533203125,0.0857696533203125,-0.0665740966796875,-0.1329803466796875,-0.0900115966796875,0.2400665283203125,1.0476837158203125,1.3191680908203125,1.3679962158203125,1.1580352783203125,0.5222930908203125,0.3562774658203125,0.7957305908203125,1.5838165283203125
8.034988403320312,7.5144805908203125,7.0008087158203125,6.6980743408203125,6.5828399658203125,6.4011993408203125,6.1463165283203125,5.8133087158203125,5.5633087158203125,5.3748321533203125,4.9998321533203125,4.4207305908203125,3.9842071533203125,3.0828399658203125,1.7810821533203125,1.2615509033203125,1.0613555908203125,0.0906524658203125,-0.9747772216796875,-1.5333709716796875,-0.8839569091796875,0.1199493408203125,0.9031524658203125,0.9627227783203125,1.0467071533203125,1.1365509033203125,1.0203399658203125,0.9178009033203125,0.4207305908203125,-0.0255584716796875,-0.1154022216796875,-0.1837615966796875,-0.1915740966796875,-0.1339569091796875,0.0301055908203125,0.3211212158203125,0.5642852783203125,0.6941680908203125,0.5613555908203125,0.6580352783203125,0.5525665283203125,0.5125274658203125,1.0183868408203125
8.443191528320312,7.9187774658203125,7.4510040283203125,7.1336212158203125,6.9529571533203125,6.8045196533203125,6.5642852783203125,6.1472930908203125,5.9324493408203125,5.7498321533203125,5.5428009033203125,5.0906524658203125,4.7215118408203125,4.2439727783203125,3.1170196533203125,1.8201446533203125,1.2986602783203125,0.5408477783203125,-0.2579803466796875,-0.9620819091796875,-0.8302459716796875,0.0281524658203125,0.7078399658203125,0.9060821533203125,0.8142852783203125,0.8416290283203125,0.8074493408203125,0.3797149658203125,-0.0773162841796875,-0.3976287841796875,-0.4191131591796875,-0.1652069091796875,-0.0548553466796875,0.0261993408203125,0.0652618408203125,0.0183868408203125,0.1170196533203125,0.3260040283203125,0.4978790283203125,0.8084259033203125,1.1824493408203125,1.0428009033203125,0.4617462158203125
8.910964965820312,8.547683715820312,8.084793090820312,7.7576446533203125,7.5642852783203125,7.4129180908203125,7.2439727783203125,6.8181915283203125,6.5301055908203125,6.1570587158203125,5.9148712158203125,5.4861602783203125,5.0877227783203125,4.6131134033203125,3.3328399658203125,1.4500274658203125,1.1697540283203125,1.1219024658203125,0.2215118408203125,-0.3527069091796875,-0.3956756591796875,0.0115509033203125,0.5242462158203125,0.7000274658203125,0.5379180908203125,0.4197540283203125,0.5769805908203125,-0.0021209716796875,-0.5099334716796875,-0.7120819091796875,-0.5939178466796875,-0.3019256591796875,-0.0470428466796875,0.0730743408203125,0.1043243408203125,0.1482696533203125,0.0789337158203125,0.1072540283203125,0.2332305908203125,0.7107696533203125,1.3025665283203125,1.1531524658203125,0.1951446533203125
8.991043090820312,8.675613403320312,8.187332153320312,7.9011993408203125,7.8455352783203125,7.8181915283203125,7.8064727783203125,7.4939727783203125,7.1463165283203125,6.6951446533203125,6.3767852783203125,5.9724884033203125,5.3963165283203125,4.5974884033203125,3.2283477783203125,1.3240509033203125,0.8377227783203125,0.9392852783203125,0.3465118408203125,-0.0421600341796875,-0.0021209716796875,0.3289337158203125,0.5760040283203125,0.4451446533203125,0.2615509033203125,0.2371368408203125,0.3357696533203125,-0.1193084716796875,-0.7540740966796875,-1.0704803466796875,-0.9962615966796875,-0.7091522216796875,-0.3780975341796875,-0.0148162841796875,0.0398712158203125,0.1267852783203125,-0.1222381591796875,-0.0294647216796875,0.2049102783203125,0.4998321533203125,0.7449493408203125,0.5174102783203125,-0.3175506591796875
8.718582153320312,8.289871215820312,7.9715118408203125,7.8836212158203125,8.063308715820312,8.136550903320312,8.258621215820312,8.143386840820312,7.7566680908203125,7.2429962158203125,6.8533477783203125,6.4763946533203125,5.8611602783203125,4.9226837158203125,3.6775665283203125,2.3406524658203125,1.1990509033203125,0.7029571533203125,0.5086212158203125,0.2586212158203125,0.3269805908203125,0.5984649658203125,0.5965118408203125,0.2361602783203125,-0.0343475341796875,0.2674102783203125,0.3103790283203125,0.0916290283203125,-0.2833709716796875,-0.7628631591796875,-0.9718475341796875,-1.0372772216796875,-0.8575897216796875,-0.4757537841796875,-0.2462615966796875,-0.0450897216796875,-0.1759490966796875,-0.2179412841796875,-0.0363006591796875,0.1638946533203125,0.0867462158203125,-0.2101287841796875,-0.4659881591796875
8.541824340820312,8.158035278320312,7.9011993408203125,7.9500274658203125,8.115066528320312,8.419754028320312,8.538894653320312,8.505691528320312,8.220535278320312,7.7615509033203125,7.3611602783203125,7.0017852783203125,6.4236602783203125,5.4793243408203125,4.2215118408203125,3.1765899658203125,2.3142852783203125,1.5086212158203125,0.9939727783203125,0.6316680908203125,0.5828399658203125,0.4881134033203125,0.4021759033203125,0.0711212158203125,-0.3097381591796875,0.2517852783203125,0.6189727783203125,0.4207305908203125,0.4676055908203125,-0.0460662841796875,-0.7618865966796875,-0.9952850341796875,-1.0519256591796875,-0.8263397216796875,-0.5675506591796875,-0.2980194091796875,-0.2589569091796875,-0.2687225341796875,-0.1671600341796875,-0.1964569091796875,-0.3038787841796875,-0.3820037841796875,-0.3732147216796875
8.197097778320312,8.010574340820312,8.261550903320312,8.312332153320312,8.298660278320312,8.543777465820312,8.640457153320312,8.667800903320312,8.524246215820312,8.195144653320312,7.7967071533203125,7.4324493408203125,6.8816680908203125,6.1941680908203125,5.0174102783203125,3.9138946533203125,3.1258087158203125,2.3572540283203125,1.5515899658203125,1.1521759033203125,0.8152618408203125,0.7000274658203125,0.4744415283203125,0.1297149658203125,-0.3058319091796875,-0.0489959716796875,0.5398712158203125,0.6648712158203125,0.6941680908203125,0.5056915283203125,-0.1866912841796875,-0.7667694091796875,-0.8790740966796875,-0.8243865966796875,-0.6622772216796875,-0.4239959716796875,-0.2843475341796875,-0.2140350341796875,-0.1046600341796875,-0.1300506591796875,-0.2159881591796875,-0.2814178466796875,-0.1544647216796875
8.153152465820312,7.9236602783203125,8.193191528320312,8.534011840820312,8.539871215820312,8.567214965820312,8.649246215820312,8.766433715820312,8.755691528320312,8.466629028320312,8.144363403320312,7.7810821533203125,7.4207305908203125,6.7361602783203125,5.9041290283203125,4.7781524658203125,3.6980743408203125,2.7976837158203125,2.0281524658203125,1.5896759033203125,1.2566680908203125,1.1345977783203125,0.9246368408203125,0.3152618408203125,-0.0890350341796875,-0.5411834716796875,0.0906524658203125,0.6638946533203125,0.7810821533203125,0.5867462158203125,0.2078399658203125,-0.3419647216796875,-0.6163787841796875,-0.5861053466796875,-0.5665740966796875,-0.3780975341796875,-0.2501678466796875,-0.1720428466796875,-0.0568084716796875,0.0691680908203125,-0.0030975341796875,0.0408477783203125,0.1609649658203125
8.459793090820312,8.119949340820312,8.006668090820312,8.347488403320312,8.465652465820312,8.471511840820312,8.686355590820312,8.870925903320312,8.935379028320312,8.770339965820312,8.458816528320312,8.083816528320312,7.7244415283203125,7.2664337158203125,6.5349884033203125,5.5174102783203125,4.2674102783203125,3.2185821533203125,2.4568634033203125,1.9959259033203125,1.4890899658203125,1.3670196533203125,1.3347930908203125,0.6511993408203125,0.0857696533203125,-0.6798553466796875,-0.1564178466796875,1.1355743408203125,1.1541290283203125,0.6033477783203125,0.2234649658203125,0.0428009033203125,-0.2433319091796875,-0.2950897216796875,-0.3390350341796875,-0.2081756591796875,-0.1271209716796875,-0.0841522216796875,-0.1183319091796875,0.0076446533203125,0.1238555908203125,0.2058868408203125,0.3465118408203125
8.702957153320312,8.138504028320312,7.9578399658203125,8.036941528320312,8.131668090820312,8.288894653320312,8.603347778320312,8.873855590820312,9.119949340820312,9.005691528320312,8.753738403320312,8.364089965820312,7.8709259033203125,7.4021759033203125,6.8084259033203125,5.8699493408203125,4.8494415283203125,3.8982696533203125,3.0652618408203125,2.3513946533203125,1.8123321533203125,1.7244415283203125,1.7605743408203125,1.1179962158203125,0.4392852783203125,-0.2452850341796875,0.0144805908203125,1.2869415283203125,1.0779571533203125,0.5008087158203125,0.5379180908203125,0.4099884033203125,0.1619415283203125,0.0623321533203125,0.0144805908203125,0.0769805908203125,0.1482696533203125,0.0193634033203125,-0.0538787841796875,-0.1173553466796875,-0.0089569091796875,0.0906524658203125,0.2654571533203125
8.247879028320312,7.8357696533203125,8.049636840820312,8.123855590820312,8.103347778320312,8.220535278320312,8.278152465820312,8.585769653320312,9.052566528320312,9.053543090820312,8.843582153320312,8.388504028320312,7.8611602783203125,7.3562774658203125,6.7576446533203125,6.0428009033203125,5.3582305908203125,4.6609649658203125,3.8074493408203125,3.1404571533203125,2.6258087158203125,2.4978790283203125,2.3142852783203125,1.6883087158203125,0.9607696533203125,0.3494415283203125,0.2849884033203125,0.2000274658203125,0.2342071533203125,0.8211212158203125,1.0457305908203125,0.7654571533203125,0.5310821533203125,0.4969024658203125,0.4969024658203125,0.5945587158203125,0.4842071533203125,0.2683868408203125,-0.0177459716796875,-0.1154022216796875,-0.1261444091796875,-0.0997772216796875,0.0271759033203125
